0.9998863935470581
0.9999048709869385
0.9999048709869385
0.9240010380744934
0.703557014465332
0.9240009188652039
0.9240009188652039
0.703557014465332
0.703557014465332
0.679659366607666
0.679659366607666
0.679659366607666
0.8134365677833557
0.8134365081787109
0.8134365081787109
0.628720223903656
0.6436150074005127
0.6436150074005127
0.6287199854850769
0.6287199854850769
0.6436150074005127
0.6175121665000916
0.6175121665000916
0.6175121665000916
0.6058386564254761
0.7162654995918274
0.9981390237808228
0.9981390237808228
0.996121346950531
0.5275972485542297
0.5275970101356506
0.9542029500007629
0.9542029500007629
0.9088970422744751
0.9896019101142883
0.9896019101142883
0.9785272479057312
0.6522691249847412
0.6522691249847412
0.6522691249847412
0.612849235534668
0.5998713374137878
0.612849235534668
0.6367747187614441
0.6241074204444885
0.9925326704978943
0.8263798356056213
0.7743602991104126
0.826379656791687
0.6501153111457825
0.6501153111457825
0.8227938413619995
0.82279372215271
0.7442364692687988
0.7782282829284668
0.624210774898529
0.624210774898529
0.6520787477493286
0.6520785093307495
0.5401391983032227
0.895408034324646
0.8954079747200012
0.8428949117660522
0.6378207206726074
0.7675666809082031
0.7675666809082031
0.5231124758720398
0.5041345357894897
0.5041345357894897
0.881766140460968
0.8247427940368652
0.9989768266677856
0.9438732266426086
0.9438732266426086
0.7138432264328003
0.713843047618866
0.7602980136871338
0.7489943504333496
0.7489944696426392
0.6396232843399048
0.8547295331954956
0.8547293543815613
0.8072456121444702
0.5107648372650146
0.5107643604278564
0.8832067847251892
0.8832067847251892
0.6247128844261169
0.6247128844261169
0.6832960844039917
0.994005024433136
0.5729829668998718
0.5729829668998718
0.9609572291374207
0.7601540684700012
0.9609572291374207
0.9565277695655823
0.7391275763511658
0.9565277695655823
0.5204939246177673
0.5204939246177673
0.8608750700950623
0.8608750104904175
0.8608750104904175
0.5233468413352966
0.5233468413352966
0.5233468413352966
0.9303938746452332
0.5220813155174255
0.5220817923545837
0.7572530508041382
0.7572528719902039
0.7572528719902039
0.9257455468177795
0.5752114653587341
0.575211226940155
0.575211226940155
0.7425183653831482
0.7425180077552795
0.9452612996101379
0.9452612996101379
0.9452612996101379
0.931495189666748
0.9314950704574585
0.9314950704574585
0.979428231716156
0.9995291233062744
0.9995291233062744
0.979428231716156
0.5314620733261108
0.5314620733261108
0.5314620733261108
0.7069807648658752
0.7069807648658752
0.7069807648658752
0.6231570243835449
0.9999268054962158
0.6159700751304626
0.753890335559845
0.7538901567459106
0.7538901567459106
0.6286207437515259
0.6286207437515259
0.9909999966621399
0.9909999966621399
0.9909999966621399
0.9352994561195374
0.9352994561195374
0.9352994561195374
0.9976089000701904
0.9976089000701904
0.9976089000701904
0.5567684173583984
0.5567679405212402
0.9999065399169922
0.9999065399169922
0.9999065399169922
0.9999154806137085
0.9981034994125366
0.9981034994125366
0.9999154806137085
0.9999154806137085
0.9981034994125366
0.9999815225601196
0.9999815225601196
0.9999815225601196
0.9113152027130127
0.5207828879356384
0.5207828879356384
0.6117032170295715
0.6117032170295715
0.6009616255760193
0.8379523158073425
0.8379523158073425
0.8379523158073425
0.9521497488021851
0.9521497488021851
0.9771510362625122
0.9771510362625122
0.9771510362625122
0.5635079145431519
0.9693161249160767
0.5635079145431519
0.9693161249160767
0.9693161249160767
0.5635079145431519
0.928176760673523
0.928176760673523
0.928176760673523
0.9343810677528381
0.9343810677528381
0.9343810677528381
0.6066957712173462
0.606695294380188
0.606695294380188
0.9278019070625305
0.9898232817649841
0.9898232817649841
0.9278018474578857
0.810197651386261
0.8101977705955505
0.8101977705955505
0.8798384070396423
0.8798384070396423
0.8798384070396423
0.935370147228241
0.935370147228241
0.935370147228241
0.6590842604637146
0.6590842604637146
0.9958106279373169
0.9958106279373169
0.7397855520248413
0.9998519420623779
0.9307164549827576
0.9584296941757202
0.5636041164398193
0.5636041164398193
0.5000898838043213
0.5083314776420593
0.5276095867156982
0.5276093482971191
0.5677021145820618
0.7833129167556763
0.7833129167556763
0.5872793793678284
0.5872793793678284
0.5872793793678284
0.9418841600418091
0.7091346383094788
0.9418841004371643
0.9418841004371643
0.7091346383094788
0.7091346383094788
0.9866719841957092
0.9866719841957092
0.9866719841957092
0.997879147529602
0.997879147529602
0.997879147529602
0.999954104423523
0.999954104423523
0.999954104423523
0.9998863935470581
0.9999048709869385
0.9999048709869385
0.9240010380744934
0.703557014465332
0.703557014465332
0.9240009188652039
0.703557014465332
0.9240009188652039
0.679659366607666
0.679659366607666
0.679659366607666
0.8134365677833557
0.8134365081787109
0.8134365081787109
0.628720223903656
0.6436150074005127
0.6436150074005127
0.6287199854850769
0.6287199854850769
0.6436150074005127
0.6175121665000916
0.6175121665000916
0.6175121665000916
0.6058386564254761
0.7162654995918274
0.9981390237808228
0.9981390237808228
0.996121346950531
0.5275972485542297
0.5275970101356506
0.9542029500007629
0.9542029500007629
0.9088970422744751
0.9896019101142883
0.9896019101142883
0.9785272479057312
0.6522691249847412
0.6522691249847412
0.6522691249847412
0.612849235534668
0.612849235534668
0.5998713374137878
0.6367747187614441
0.6241074204444885
0.9925326704978943
0.8263798356056213
0.826379656791687
0.7743602991104126
0.6501153111457825
0.6501153111457825
0.8227938413619995
0.82279372215271
0.7442364692687988
0.7782282829284668
0.624210774898529
0.624210774898529
0.6520787477493286
0.6520785093307495
0.5401391983032227
0.895408034324646
0.8954079747200012
0.8428949117660522
0.6378207206726074
0.7675666809082031
0.7675666809082031
0.5231124758720398
0.5041345357894897
0.5041345357894897
0.881766140460968
0.8247427940368652
0.9989768266677856
0.9438732266426086
0.9438732266426086
0.7138432264328003
0.713843047618866
0.7602980136871338
0.7489943504333496
0.7489944696426392
0.6396232843399048
0.8547295331954956
0.8072456121444702
0.8547293543815613
0.5107648372650146
0.5107643604278564
0.8832067847251892
0.8832067847251892
0.6247128844261169
0.6247128844261169
0.6832960844039917
0.994005024433136
0.5729829668998718
0.5729829668998718
0.9609572291374207
0.7601540684700012
0.9609572291374207
0.9565277695655823
0.7391275763511658
0.9565277695655823
0.5204939246177673
0.5204939246177673
0.8608750700950623
0.8608750104904175
0.8608750104904175
0.5233468413352966
0.5233468413352966
0.5233468413352966
0.9303938746452332
0.5220813155174255
0.5220817923545837
0.7572530508041382
0.7572528719902039
0.7572528719902039
0.9257455468177795
0.5752114653587341
0.575211226940155
0.575211226940155
0.7425183653831482
0.7425180077552795
0.9452612996101379
0.9452612996101379
0.9452612996101379
0.931495189666748
0.9314950704574585
0.9314950704574585
0.9995291233062744
0.979428231716156
0.9995291233062744
0.979428231716156
0.5314620733261108
0.5314620733261108
0.5314620733261108
0.7069807648658752
0.7069807648658752
0.7069807648658752
0.9999268054962158
0.6231570243835449
0.6159700751304626
0.753890335559845
0.7538901567459106
0.7538901567459106
0.6286207437515259
0.6286207437515259
0.9909999966621399
0.9909999966621399
0.9909999966621399
0.9352994561195374
0.9352994561195374
0.9352994561195374
0.9976089000701904
0.9976089000701904
0.9976089000701904
0.5567684173583984
0.5567679405212402
0.9999065399169922
0.9999065399169922
0.9999065399169922
0.9999154806137085
0.9981034994125366
0.9981034994125366
0.9999154806137085
0.9999154806137085
0.9981034994125366
0.9999815225601196
0.9999815225601196
0.9999815225601196
0.9113152027130127
0.5207828879356384
0.5207828879356384
0.6117032170295715
0.6117032170295715
0.6009616255760193
0.8379523158073425
0.8379523158073425
0.8379523158073425
0.9521497488021851
0.9521497488021851
0.9771510362625122
0.9771510362625122
0.9771510362625122
0.5635079145431519
0.9693161249160767
0.9693161249160767
0.5635079145431519
0.9693161249160767
0.5635079145431519
0.928176760673523
0.928176760673523
0.928176760673523
0.9343810677528381
0.9343810677528381
0.9343810677528381
0.6066957712173462
0.606695294380188
0.606695294380188
0.9278019070625305
0.9898232817649841
0.9898232817649841
0.9278018474578857
0.810197651386261
0.8101977705955505
0.8101977705955505
0.8798384070396423
0.8798384070396423
0.8798384070396423
0.935370147228241
0.935370147228241
0.935370147228241
0.6590842604637146
0.6590842604637146
0.9958106279373169
0.9958106279373169
0.7397855520248413
0.9998519420623779
0.9584296941757202
0.9307164549827576
0.5636041164398193
0.5636041164398193
0.5000898838043213
0.5083314776420593
0.5276095867156982
0.5276093482971191
0.5677021145820618
0.7833129167556763
0.7833129167556763
0.5872793793678284
0.5872793793678284
0.5872793793678284
0.9418841600418091
0.7091346383094788
0.9418841004371643
0.7091346383094788
0.9418841004371643
0.7091346383094788
0.9866719841957092
0.9866719841957092
0.9866719841957092
0.997879147529602
0.997879147529602
0.997879147529602
0.999954104423523
0.999954104423523
0.999954104423523
