0.6224503517150879
0.5432726740837097
0.5432726740837097
0.7109614014625549
0.6743984222412109
0.9886503219604492
0.8649130463600159
0.872994601726532
0.8649130463600159
0.872994601726532
0.9886460304260254
0.9886503219604492
0.872994601726532
0.6628732085227966
0.6627883315086365
0.7862853407859802
0.7723291516304016
0.883691132068634
0.947825014591217
0.8337610960006714
0.883691132068634
0.947825014591217
0.7808347344398499
0.9769570827484131
0.9300957322120667
0.9300957322120667
0.9300957322120667
0.5872148871421814
0.5872148871421814
0.5872148871421814
0.6048024892807007
0.6046397089958191
0.7619585394859314
0.8094991445541382
0.638425886631012
0.638425886631012
0.6626594066619873
0.6626594066619873
0.995746910572052
0.995746910572052
0.5159264206886292
0.5159264206886292
0.5159264206886292
0.9094508290290833
0.9094508290290833
0.9174819588661194
0.9173249006271362
0.6748882532119751
0.838995635509491
0.5092841386795044
0.9265883564949036
0.9265883564949036
0.9114598631858826
0.7938191294670105
0.7938191294670105
0.7938191294670105
0.9884875416755676
0.9884875416755676
0.7859833240509033
0.7859833240509033
0.7859833240509033
0.9973504543304443
0.9779226779937744
0.5111640095710754
0.943075954914093
0.943075954914093
0.943075954914093
0.5626323223114014
0.8792386054992676
0.8792386054992676
0.7312697768211365
0.9105862379074097
0.9105862379074097
0.9105862379074097
0.5645343661308289
0.5645343661308289
0.6314096450805664
0.7749411463737488
0.9352062940597534
0.692566454410553
0.5015885829925537
0.821407675743103
0.821407675743103
0.5296269059181213
0.5028290748596191
0.996748685836792
0.996748685836792
0.7303135395050049
0.5381892919540405
0.6653510928153992
0.6653510928153992
0.7798241376876831
0.7798241376876831
0.9810972213745117
0.9026191830635071
0.5087361931800842
0.8044607043266296
0.8044607043266296
0.8044607043266296
0.5430095195770264
0.5430095195770264
0.8566720485687256
0.6736121773719788
0.7354438900947571
0.5589068531990051
0.9598492383956909
0.9598492383956909
0.555831789970398
0.5754451751708984
0.9959063529968262
0.999915361404419
0.9987591505050659
0.9986541271209717
0.999915361404419
0.9987591505050659
0.9908334612846375
0.9998810291290283
0.9999383687973022
0.9999383687973022
0.9999383687973022
0.7433065176010132
0.9997349381446838
0.9999998807907104
0.9999309778213501
0.9997349381446838
0.7433065176010132
0.9997349381446838
0.7433065176010132
0.9999998807907104
0.9999970197677612
0.9969519376754761
0.9858788847923279
0.8408554792404175
0.9907740950584412
0.9557920098304749
0.9753735065460205
0.5234947800636292
0.5234947800636292
0.6220255494117737
0.6220255494117737
0.6220255494117737
0.867035448551178
0.867035448551178
0.867035448551178
0.8471164703369141
0.8471164703369141
0.9039026498794556
0.9039026498794556
0.9039026498794556
0.5695000886917114
0.9994791150093079
0.996801495552063
0.9994791150093079
0.996801495552063
0.5695000886917114
0.996801495552063
0.5695000886917114
0.9994791150093079
0.9998958110809326
0.9998958110809326
0.9998608827590942
0.9643309712409973
0.9643309712409973
0.9643309712409973
0.5277847647666931
0.5806527733802795
0.9479886889457703
0.9948186278343201
0.9479886889457703
0.9479886889457703
0.9948186278343201
0.9948186278343201
0.9868611693382263
0.9983506202697754
0.9868611693382263
0.9868611693382263
0.9983506202697754
0.9983506202697754
0.6644356846809387
0.6644356846809387
0.898540735244751
0.9907354116439819
0.898540735244751
0.898540735244751
0.9907354116439819
0.9907354116439819
1.0
0.9993377327919006
1.0
1.0
1.0
0.9993377327919006
1.0
0.9993377327919006
1.0
0.9979204535484314
0.9900262355804443
0.9900262355804443
0.9979204535484314
0.9978602528572083
0.9895045757293701
0.9898508787155151
0.5682625770568848
0.8758761882781982
0.5355685949325562
0.6528894305229187
0.7166596055030823
0.9117162227630615
0.9117162227630615
0.9449015259742737
0.8405663371086121
0.8405663371086121
0.7928470969200134
0.7928470969200134
0.5844712853431702
0.8400267362594604
0.9870497584342957
0.999537467956543
0.6800153255462646
0.9847074151039124
0.9847074151039124
0.6800153255462646
0.6800153255462646
0.9847074151039124
0.9970081448554993
0.9970081448554993
0.9877633452415466
0.643221378326416
0.7242393493652344
0.7242393493652344
0.643221378326416
0.9536675810813904
0.9536675810813904
0.9536675810813904
0.6796004176139832
0.6796004176139832
0.9774340987205505
0.9774340987205505
0.9727907180786133
0.9727907180786133
0.9727907180786133
0.5914430022239685
0.9101822972297668
0.5509322881698608
0.6473513245582581
0.9308651089668274
0.9308651089668274
0.9845182299613953
0.8228487372398376
0.9845182299613953
0.9989675283432007
0.9979404807090759
0.9947646856307983
0.9931382536888123
0.9898287653923035
0.9637879729270935
0.5182592868804932
0.9643285274505615
0.9643285274505615
0.9643285274505615
0.9999967813491821
0.6026776432991028
0.9999967813491821
0.9999967813491821
0.6026776432991028
0.9999914169311523
0.9999914169311523
0.9999914169311523
0.9996243715286255
0.9996243715286255
0.9996243715286255
0.9098268151283264
0.9098268151283264
0.9098268151283264
0.6852350831031799
0.6852350831031799
0.6852350831031799
0.9278817772865295
0.9250689744949341
0.9278784990310669
0.7688518166542053
0.9284185767173767
0.5643535852432251
0.5643535852432251
0.7244124412536621
0.8423862457275391
0.8171720504760742
0.8423862457275391
0.8171720504760742
0.8423862457275391
0.8171720504760742
0.8785462379455566
0.7828693389892578
0.9970081448554993
0.9970081448554993
0.71051025390625
0.999970555305481
0.9990792274475098
0.9999703168869019
0.999970555305481
0.9990792274475098
0.999970555305481
0.9999703168869019
0.9990792274475098
0.9999703168869019
0.7608756422996521
0.7500413656234741
0.7500413656234741
0.7608756422996521
0.7608756422996521
0.7500413656234741
0.694186270236969
0.694186270236969
0.687262773513794
0.8597086668014526
0.8596563935279846
0.7756893038749695
0.7068588137626648
0.5346059203147888
0.9609553813934326
0.9553142786026001
0.5800626277923584
0.7044028639793396
0.5951210260391235
0.5159002542495728
0.7266172170639038
0.9012153744697571
0.8811918497085571
0.814622700214386
0.7507032155990601
0.5145913362503052
0.5854958295822144
0.563575029373169
0.7926296591758728
0.6419740319252014
0.6851040720939636
0.8890341520309448
0.7266467213630676
0.6047866940498352
0.6599628925323486
0.7992734313011169
0.7330887317657471
0.8423476219177246
0.713696300983429
0.7590397000312805
0.9998476505279541
0.9965866804122925
0.9965866804122925
0.9998476505279541
0.9965866804122925
0.9998476505279541
0.7024096250534058
0.7024096250534058
0.6854446530342102
0.8125203251838684
0.8125203251838684
0.9999707937240601
0.9994708895683289
0.9151111841201782
0.9151111841201782
0.9993665814399719
0.9999703168869019
0.9151111841201782
0.5032801032066345
0.5032801032066345
0.9318014979362488
0.9318014979362488
0.9970232844352722
0.992489755153656
0.9991299510002136
0.9997987151145935
0.992489755153656
0.9997987151145935
0.9991299510002136
0.9997987151145935
0.992489755153656
0.9991299510002136
0.8776116371154785
0.5344139337539673
0.5344139337539673
0.5344139337539673
0.7322273850440979
0.9264745116233826
0.7322273850440979
0.9264745116233826
0.7322273850440979
0.9264745116233826
0.7070760726928711
0.7070760726928711
0.9069258570671082
0.7931072115898132
0.9069258570671082
0.9069258570671082
0.7931072115898132
0.7931072115898132
0.9998435974121094
0.5289801359176636
0.9999945163726807
0.5289801359176636
0.9999945163726807
0.9999945163726807
0.9998304843902588
0.9998435974121094
0.9232353568077087
0.9232353568077087
0.9542906284332275
0.9542906284332275
0.9808611273765564
0.9808611273765564
0.9808611273765564
0.9990322589874268
0.9939164519309998
0.9939164519309998
0.9990322589874268
0.616050124168396
0.7087025046348572
0.905120313167572
0.7086906433105469
0.6157810091972351
0.8708500862121582
0.9999744892120361
0.8936951756477356
1.0
0.979626476764679
0.9998549222946167
1.0
0.9998549222946167
0.9999744892120361
0.8936951756477356
0.8936951756477356
0.6615632176399231
0.9989073276519775
0.979626476764679
0.9998549222946167
0.979626476764679
0.5724942684173584
0.5724942684173584
0.5724942684173584
0.999794065952301
0.9972562193870544
0.6298172473907471
0.9997166991233826
0.9972562193870544
0.629540205001831
0.7623390555381775
0.7623390555381775
