0.991594135761261
0.7176206707954407
0.9998169541358948
0.9991568326950073
0.9905251860618591
0.9906992316246033
0.9977200627326965
0.5576062798500061
0.5576062798500061
0.9048097729682922
0.9048097729682922
0.8293411135673523
0.8293411135673523
0.9315437078475952
0.5553297400474548
0.5179483294487
0.8075860738754272
0.8075860738754272
0.6357455849647522
0.6357455849647522
0.6563075184822083
0.6563075184822083
0.5014767646789551
0.5014767646789551
0.5820199251174927
0.5820199251174927
0.7474127411842346
0.7474127411842346
0.8052060604095459
0.8052060604095459
0.9773818850517273
0.9869731068611145
0.9694687128067017
0.977381706237793
0.9869731068611145
0.7588940262794495
0.9924681782722473
0.5031940340995789
0.8331612348556519
0.9764339923858643
0.5095822811126709
0.6109355092048645
0.5286928415298462
0.5424923896789551
0.5424923896789551
0.8217113614082336
0.821243166923523
0.6870366930961609
0.9989721775054932
0.9989721775054932
0.9967042803764343
0.9079062342643738
0.9079062342643738
0.9079062342643738
0.581182599067688
0.5624386668205261
0.9398326873779297
0.9622625112533569
0.523442268371582
0.9622625112533569
0.9995377063751221
0.9984605312347412
0.5107219219207764
0.5107219219207764
0.9358681440353394
0.9358681440353394
0.771764874458313
0.771764874458313
0.9818214774131775
0.9818214774131775
0.9818214774131775
0.9985622763633728
0.930546760559082
0.9985622763633728
0.9305317401885986
0.6636906862258911
0.6636906862258911
0.9999465942382812
0.9545161724090576
0.9999465942382812
0.578141450881958
0.578141450881958
0.9999992847442627
0.6646835803985596
0.9999992847442627
0.5610842108726501
0.81407630443573
0.81407630443573
0.9994839429855347
0.9018188714981079
0.9018188714981079
0.9018188714981079
0.8238550424575806
0.8238550424575806
0.5532814264297485
0.5341823101043701
0.5532814264297485
0.5341823101043701
0.5532814264297485
0.5341823101043701
0.5664308071136475
0.5672465562820435
0.5664308071136475
0.5672465562820435
0.5664308071136475
0.5672465562820435
0.9537807703018188
0.9537807703018188
0.9537807703018188
0.9999997615814209
0.5101152062416077
0.9999997615814209
0.9888788461685181
0.6311663389205933
0.6311663389205933
0.6311663389205933
0.6052356958389282
0.8997510671615601
0.9999996423721313
0.8997510671615601
0.9999996423721313
0.8997510671615601
0.9992101192474365
0.580670177936554
0.580670177936554
0.9869492650032043
0.9869492650032043
0.9802669286727905
0.7531247735023499
0.7531247735023499
0.5549961924552917
0.5549961924552917
0.6590036749839783
0.6590036749839783
0.6590036749839783
0.5344699025154114
0.5344699025154114
0.5023224353790283
0.786683976650238
0.9992064833641052
0.7866814136505127
0.9992064833641052
0.9992064833641052
0.786683976650238
0.5068379044532776
0.991415798664093
0.5068379044532776
0.991415798664093
0.5068379044532776
0.9734225273132324
0.6037383675575256
0.6023814082145691
0.9988119602203369
0.9989336133003235
0.9989336133003235
0.9989336133003235
0.6609460115432739
0.660939633846283
0.5569394826889038
0.5569394826889038
0.6639339327812195
0.6639339327812195
1.0
0.7001492977142334
0.9828039407730103
0.9620738625526428
0.7973470091819763
0.9827234745025635
0.9827234745025635
0.9480348825454712
0.6712592840194702
0.7480263710021973
0.6552601456642151
0.9871298670768738
0.9871298670768738
0.877590537071228
0.690502405166626
0.9888530969619751
0.9888530969619751
0.9888530969619751
0.974224865436554
