0.8343694806098938
0.9485824704170227
0.9485824704170227
0.9485824704170227
0.8946568965911865
0.7819423079490662
0.8178768754005432
0.8497821092605591
0.8337390422821045
0.5671969652175903
0.8337390422821045
0.8337390422821045
0.7485600709915161
0.7485600709915161
0.7485600709915161
0.9103497266769409
0.5437198877334595
0.5437198877334595
0.9888357520103455
0.6254023313522339
0.6254023313522339
0.998400866985321
0.6337800025939941
0.6337800025939941
0.9927024841308594
0.9927024841308594
0.9927024841308594
0.9205473065376282
0.7685374617576599
0.9205473065376282
0.7897652983665466
0.7897652983665466
0.5856140851974487
0.5856140851974487
0.5856140851974487
0.7583704590797424
0.7583704590797424
0.5095513463020325
0.8109418749809265
0.8109418749809265
0.7238450646400452
0.7238450646400452
0.7238450646400452
0.9955635070800781
0.9955635070800781
0.9388853311538696
0.9388853311538696
0.9388853311538696
0.5960855484008789
0.5960855484008789
0.700666069984436
0.700666069984436
0.700666069984436
0.714496374130249
0.714496374130249
0.8547300696372986
0.9680233597755432
0.5943349003791809
0.6913473606109619
0.5943349003791809
0.5943349003791809
0.6913473606109619
0.9535579085350037
0.5788306593894958
0.648313045501709
0.7625563740730286
0.5381378531455994
0.5381378531455994
0.5524637699127197
0.9989936947822571
0.7529428005218506
0.9989936947822571
0.6257399320602417
0.8083717823028564
0.8083717823028564
0.9673734903335571
0.9673734903335571
0.9998495578765869
0.6826708316802979
0.9998495578765869
0.9532965421676636
0.9135925769805908
0.9135925769805908
0.8141162991523743
0.8141162991523743
0.9694305062294006
0.9694305062294006
0.6982614994049072
0.6982614994049072
0.8022034764289856
0.8022034764289856
0.977970540523529
0.977970540523529
0.977970540523529
0.5935922861099243
0.7188076376914978
0.7186659574508667
0.7188076376914978
0.9374621510505676
0.9374621510505676
0.9139097929000854
0.987640917301178
0.9215589165687561
0.9999319314956665
0.9999319314956665
0.5038828253746033
0.5038828253746033
0.9215241074562073
0.6410790085792542
0.9215241074562073
1.0
1.0
1.0
1.0
1.0
1.0
0.7815772294998169
0.7815772294998169
0.9990637898445129
0.5312502384185791
0.5312502384185791
0.994053304195404
0.994053304195404
0.994053304195404
0.7988993525505066
0.7988993525505066
0.7957258820533752
0.8054707646369934
0.7222558259963989
0.8054707646369934
0.7222558259963989
0.8054707646369934
0.7222558259963989
0.9999496936798096
0.9999496936798096
0.9996695518493652
0.9999997615814209
0.9999997615814209
0.9999982118606567
0.9815278053283691
0.9810298681259155
0.9918501377105713
0.9918501377105713
0.9918501377105713
0.9999542236328125
0.5281132459640503
1.0
0.5206372141838074
1.0
0.5281132459640503
1.0
0.9999542236328125
0.9999533891677856
0.6471173167228699
0.6471173167228699
0.950164258480072
0.950164258480072
0.950164258480072
0.9959542751312256
0.8881863951683044
0.9959542751312256
0.879014253616333
0.879014253616333
0.879014253616333
1.0
1.0
1.0
0.9925262928009033
0.9925262928009033
0.9925262928009033
0.5372524261474609
0.5372524261474609
0.7399731278419495
0.6430718898773193
0.6648675799369812
0.6648675799369812
0.6648675799369812
0.8977480530738831
0.8977457284927368
0.6046563386917114
0.9999151229858398
0.9999151229858398
0.9999151229858398
0.8633418083190918
0.8633418083190918
0.7189845442771912
0.7189845442771912
0.7189845442771912
0.6055742502212524
0.7340068817138672
0.7340068817138672
0.7340068817138672
0.6055742502212524
0.6055742502212524
0.9855976700782776
0.9418768882751465
0.9855976700782776
0.9418768882751465
0.9418768882751465
0.9855976700782776
0.9187734127044678
0.9147610664367676
0.8428812026977539
0.8428812026977539
0.8254133462905884
0.8428812026977539
0.6269286274909973
0.6269286274909973
0.6269286274909973
0.8791999220848083
0.9722994565963745
0.7683338522911072
0.7683338522911072
0.7683338522911072
0.9002548456192017
0.8346502184867859
0.5047605633735657
0.6796311140060425
0.8568876385688782
0.8568876385688782
0.6756637096405029
0.6756637096405029
0.6756637096405029
0.7457871437072754
0.7457871437072754
0.7457871437072754
0.9947210550308228
0.9752786755561829
0.9947210550308228
0.9935125708580017
0.9933846592903137
0.9935125708580017
0.9994390606880188
0.768477201461792
0.9994390606880188
0.768477201461792
0.768477201461792
0.9967888593673706
0.999506950378418
0.9969003200531006
0.9981877207756042
0.6215792894363403
0.6215792894363403
0.5941721200942993
0.9463290572166443
0.9999898672103882
0.9999898672103882
0.9999898672103882
0.7345682382583618
0.7345682382583618
0.7345682382583618
0.5964152812957764
0.7914718985557556
0.7914718985557556
0.5964152812957764
0.7914718985557556
0.5964152812957764
0.9707579612731934
0.7986698150634766
0.9832847714424133
0.8531145453453064
0.8531145453453064
0.7740315794944763
0.6834962368011475
0.999941349029541
0.9999412298202515
0.999941349029541
0.8717072606086731
0.9922356009483337
0.6687592267990112
0.9157295227050781
0.9157295227050781
0.6576313972473145
0.6537303328514099
0.6537303328514099
0.6537303328514099
0.5379882454872131
0.5379882454872131
0.5379882454872131
0.7391680479049683
