0.631304919719696
0.832947313785553
0.9836111664772034
0.6426805853843689
0.6608802080154419
0.6608802080154419
0.778561532497406
0.9978253841400146
0.9806431531906128
0.998349666595459
0.7058854103088379
0.9794689416885376
0.9040157198905945
0.9270179867744446
0.6708030700683594
0.9270179867744446
0.9627335071563721
0.9860374331474304
0.9118173122406006
0.9813463091850281
0.9456339478492737
0.9456338286399841
0.5706189870834351
0.570618748664856
0.7555829286575317
0.7230687141418457
0.7585608959197998
0.8542007803916931
0.8542007803916931
0.7346843481063843
0.7918899059295654
0.6910794973373413
0.8068996071815491
0.6332581043243408
0.5128124356269836
0.9684163331985474
0.9994996786117554
0.9999929666519165
0.7111075520515442
0.7111073732376099
0.994531512260437
0.7550073862075806
0.8519499897956848
0.580162525177002
0.85194993019104
0.9101157784461975
0.9101158380508423
0.9101158380508423
0.8589017391204834
0.9715747833251953
0.5324899554252625
0.5324899554252625
0.5562998056411743
0.5562995672225952
0.6522228121757507
0.6522229909896851
0.6509309411048889
0.6509311199188232
0.5610132813453674
0.5281025767326355
0.5024005770683289
0.5024003386497498
0.6399081349372864
0.7775400876998901
0.8388950824737549
0.8396733403205872
0.7775400876998901
0.6399081349372864
0.8396733403205872
0.6399081349372864
0.8388950824737549
0.7144023776054382
0.8388950824737549
0.8396733403205872
0.6526332497596741
0.9839194416999817
0.9839194416999817
0.7235419154167175
0.9875348806381226
0.612095296382904
0.6120949983596802
0.507178544998169
0.845830500125885
0.538157045841217
0.9724929928779602
0.6741724014282227
0.7466722130775452
0.9977962970733643
0.9977962970733643
0.9977962970733643
0.9994262456893921
0.596526563167572
0.596526563167572
0.9256658554077148
0.8459810614585876
0.9256657361984253
0.8556488156318665
0.7662907838821411
0.7662904262542725
0.7662904262542725
0.6573167443275452
0.6573163270950317
0.6573163270950317
0.8707379698753357
0.8707379698753357
0.8707379698753357
0.5536599159240723
0.6255524754524231
0.5536599159240723
0.5536599159240723
0.625552237033844
0.625552237033844
0.5571823120117188
0.8346365094184875
0.9990808963775635
0.9940959215164185
0.851853609085083
0.8511932492256165
0.8511930704116821
0.8588003516197205
0.9991995692253113
1.0
0.9970899820327759
0.9398876428604126
0.9970899820327759
0.7038869261741638
0.7038869261741638
0.9799621105194092
0.6070693135261536
0.9999818801879883
0.8910219073295593
0.6975557804107666
0.69755619764328
0.69755619764328
0.7756415009498596
0.775641143321991
0.775641143321991
0.9955297112464905
0.9999946355819702
0.70767742395401
0.9997376799583435
0.9991783499717712
0.8507846593856812
0.8507846593856812
0.9848400950431824
0.9436606168746948
0.9112093448638916
0.9848400950431824
0.9436604380607605
0.7848128080368042
0.7848122715950012
0.7848122715950012
0.7001346945762634
0.9947669506072998
0.7001349329948425
0.7001349329948425
0.9947669506072998
0.9947669506072998
0.8882772922515869
0.8882770538330078
0.8882770538330078
0.9654702544212341
0.9654702544212341
0.9654702544212341
0.5247935652732849
0.5247940421104431
0.5246867537498474
0.5100653767585754
0.541245698928833
0.5412459373474121
0.9536615014076233
0.9516909122467041
0.9536614418029785
0.5239834189414978
0.5239831805229187
0.9991023540496826
0.9999974966049194
0.9978877902030945
0.9950634837150574
0.9999974966049194
0.9978877902030945
0.9950634837150574
0.9991023540496826
0.9999974966049194
0.9978877902030945
0.9950634837150574
0.9991023540496826
0.5004129409790039
0.5004136562347412
0.5004136562347412
0.9332250952720642
0.9914793968200684
0.933225154876709
0.9914793968200684
0.9914793968200684
0.933225154876709
0.9380934238433838
0.9926621913909912
0.9380935430526733
0.9926621913909912
0.9380935430526733
0.9926621913909912
0.8063458800315857
0.9271509647369385
0.8063459992408752
0.9271509647369385
0.9271509647369385
0.8063459992408752
0.7434536814689636
0.8615165948867798
0.7434536814689636
0.8615165948867798
0.7434536814689636
0.8615165948867798
0.9976020455360413
0.9999784231185913
0.9827256202697754
0.9776371717453003
0.9999784231185913
0.9776371717453003
0.9827256202697754
0.9976020455360413
0.9999784231185913
0.9827256202697754
0.9776371717453003
0.9976020455360413
0.6959478259086609
0.6959475874900818
0.9898366332054138
0.9898366332054138
0.9898366332054138
0.6928393244743347
0.6928393244743347
0.9818946719169617
0.9818945527076721
0.9818945527076721
0.7573107481002808
0.7573102116584778
0.7573102116584778
0.9676072597503662
0.9676071405410767
0.9676071405410767
0.9918551445007324
0.9918551445007324
0.9918551445007324
0.9299384355545044
0.9299386143684387
0.9299386143684387
0.6017176508903503
0.6017181277275085
0.6017181277275085
0.6637704968452454
0.7526298761367798
0.6637704968452454
0.7526298761367798
0.7526298761367798
0.6637704968452454
0.6815810799598694
0.7795979380607605
0.6815810799598694
0.7795979380607605
0.6815810799598694
0.7795979380607605
0.9832678437232971
0.9991734623908997
0.6175881028175354
0.7695909738540649
0.9991734623908997
0.7695909738540649
0.6175881028175354
0.9832678437232971
0.9991734623908997
0.6175881028175354
0.7695909738540649
0.9832678437232971
0.6184535026550293
0.6807882785797119
0.6807880997657776
0.6184541583061218
0.6184541583061218
0.5126761198043823
0.5126768350601196
0.5126768350601196
0.884514570236206
0.8845143914222717
0.9926325678825378
0.9996558427810669
0.9926325678825378
0.9996558427810669
0.9996558427810669
0.9926325678825378
0.5049110054969788
0.832939624786377
0.8329394459724426
0.9428520202636719
0.9428517818450928
0.9428517818450928
0.9981456995010376
0.9981456995010376
0.9981456995010376
0.9930740594863892
0.9930740594863892
0.6300494074821472
0.6300494074821472
