0.5451613664627075
0.679390013217926
0.5567799210548401
0.5295064449310303
0.6686031222343445
0.6630306243896484
0.8042744398117065
0.7650499939918518
0.6256502866744995
0.5859158635139465
0.5674315094947815
0.5674315094947815
0.7636693716049194
0.6646348834037781
0.9993471503257751
0.7975453734397888
0.7975453734397888
0.8300026059150696
0.631244957447052
0.6075984239578247
0.6809844970703125
0.6570924520492554
0.5030724406242371
0.6666680574417114
0.99940025806427
0.9999984502792358
0.861376166343689
0.6887513995170593
0.9344436526298523
0.8781053423881531
0.8781053423881531
0.7188268899917603
0.6422322392463684
0.595281183719635
0.5783151388168335
0.5783151388168335
