0.9601948857307434
0.7627369165420532
0.6514592170715332
0.6514592170715332
0.5436614155769348
0.5436614155769348
0.6216084361076355
0.5443335771560669
0.5443335771560669
0.7990265488624573
0.7990265488624573
0.5046344995498657
0.5046344995498657
0.5973278284072876
0.6001297831535339
0.5604627132415771
0.6615625619888306
0.5799664258956909
0.5799664258956909
0.6695055961608887
0.6695055961608887
0.8291900157928467
0.8291900157928467
0.5033926367759705
0.5033926367759705
0.8215962648391724
0.8215962648391724
0.8188387155532837
0.8188387155532837
0.5755597949028015
0.5755597949028015
0.512782871723175
0.512782871723175
0.5065041780471802
0.5065041780471802
0.9362493753433228
0.9679333567619324
0.9042211771011353
0.9546268582344055
0.5500211715698242
0.5126882791519165
0.5951529741287231
0.8119503259658813
0.9887663722038269
0.9887663722038269
0.9887663722038269
0.9974437952041626
0.9974437952041626
0.9974437952041626
0.5972133278846741
0.8237303495407104
0.8237303495407104
0.8237303495407104
0.9701780080795288
0.9701780080795288
0.5621100664138794
0.5621100664138794
0.5845352411270142
0.5218788385391235
0.5218788385391235
0.7719089388847351
0.7719089388847351
0.629059910774231
0.7822068333625793
0.7822068333625793
0.9480081796646118
0.7630170583724976
0.9709699153900146
0.6072677373886108
0.9999133348464966
0.9999009370803833
0.8138235807418823
0.8222554922103882
0.736823558807373
0.9620602130889893
0.7084212303161621
0.7084212303161621
0.9952450394630432
0.9987679123878479
0.9871724843978882
0.9075847268104553
0.7470245957374573
0.7470245957374573
0.5880091786384583
0.5880091786384583
0.998873770236969
0.6015076041221619
0.998873770236969
0.9999966621398926
0.9971043467521667
0.9999966621398926
0.9825366139411926
0.9825366139411926
0.9825366139411926
0.9807558655738831
0.9807558655738831
0.5570881962776184
0.5570881962776184
0.7140196561813354
0.8725612759590149
0.8725612759590149
0.801023542881012
0.7200134992599487
0.5355154871940613
0.881847620010376
0.5355154871940613
0.881847620010376
0.5355154871940613
0.5002100467681885
0.687505841255188
0.9984411597251892
0.7072945237159729
0.690155029296875
0.6777612566947937
0.5171846151351929
0.5171846151351929
0.9937556982040405
0.9937556982040405
0.9937556982040405
0.9999192953109741
0.8307986259460449
0.6793606877326965
0.9207543730735779
0.9448347687721252
0.5380491614341736
0.5380491614341736
0.503717839717865
0.503717839717865
0.60821533203125
0.9981149435043335
0.9090461730957031
0.5322964787483215
0.5322964787483215
0.9943312406539917
0.6670345664024353
0.7157395482063293
0.7157395482063293
0.9974533915519714
0.9974533915519714
0.5993859767913818
0.5993859767913818
0.8500038385391235
0.8500038385391235
0.7730095982551575
0.7610282897949219
0.9988736510276794
0.8520529866218567
0.5436174273490906
0.9715444445610046
0.7474903464317322
0.5159319639205933
0.9666255116462708
0.5362422466278076
0.6792393922805786
0.8820262551307678
0.8820262551307678
0.8820262551307678
0.5366411209106445
0.9998093247413635
0.6760497689247131
0.8758947849273682
0.8758947849273682
0.9944751858711243
0.838587760925293
