0.6414662599563599
0.5282115936279297
0.8832323551177979
0.8573751449584961
0.562842071056366
0.562842071056366
0.7538317441940308
0.7497019171714783
0.9971651434898376
0.9971651434898376
0.538976788520813
0.6065862774848938
0.5276742577552795
0.6658849120140076
0.6658849120140076
0.5239306092262268
0.5688672661781311
0.9995300769805908
0.7627233266830444
0.5411237478256226
0.5411237478256226
0.8977107405662537
0.8977107405662537
0.907163679599762
0.9071547389030457
0.5094855427742004
0.5056850910186768
0.5056204795837402
0.7313080430030823
0.5579880475997925
0.6426280736923218
0.8588581681251526
0.8250689506530762
0.7024310231208801
0.5984554290771484
0.5984554290771484
0.6061708927154541
0.7003543376922607
0.5041040778160095
0.5041040778160095
0.5041040778160095
0.5570152401924133
0.5570147633552551
0.6004524230957031
0.6004524230957031
0.8932790160179138
0.6190512180328369
0.9091267585754395
0.9091267585754395
0.6186999082565308
0.747648298740387
0.7579889893531799
0.5360482335090637
0.6078316569328308
0.5814588665962219
0.5006618499755859
0.6634277105331421
0.5984219908714294
0.5911095142364502
0.7302321791648865
0.6738297939300537
0.5879433155059814
0.6356512308120728
0.589348316192627
0.8323723077774048
0.67827308177948
0.658626139163971
0.6254982352256775
0.7149698138237
0.7149698138237
0.6326258182525635
0.723147988319397
0.723147988319397
0.9944667220115662
0.5853354334831238
0.9931073784828186
0.5853351950645447
0.5296197533607483
0.5479488372802734
0.546823263168335
0.5211120247840881
0.8193424344062805
0.5209380388259888
0.5033509135246277
0.6250083446502686
0.6196933388710022
0.5689601302146912
0.6081998348236084
0.5945280194282532
0.5400590896606445
0.9946504235267639
0.99739670753479
0.9946504235267639
0.9973885416984558
0.9946504235267639
0.5568950176239014
0.7382911443710327
0.5546987056732178
0.6517248749732971
0.6029778718948364
0.5177585482597351
0.5189980268478394
0.7149440050125122
0.6058031320571899
0.803304135799408
0.7056216597557068
0.9148356318473816
0.8594022393226624
0.8594022393226624
0.9148356318473816
0.9148356318473816
0.7750105261802673
0.9113382697105408
0.9095070362091064
0.5664106607437134
0.566405713558197
0.641595184803009
0.9986070990562439
0.9986070990562439
0.5856395363807678
0.7275856733322144
0.6668727397918701
0.5245932936668396
0.8521040081977844
0.8521040081977844
0.9571892023086548
0.9571892023086548
0.6050148606300354
0.5683928728103638
0.9211437106132507
0.9096612930297852
0.9206699728965759
0.9206699728965759
0.5411673188209534
0.5411673188209534
0.9979270696640015
0.9979270696640015
0.9981695413589478
0.9981695413589478
0.9998641014099121
0.9998641014099121
0.9932835102081299
0.8635159730911255
0.8635159730911255
0.7744897603988647
0.7875970005989075
0.5619877576828003
0.5619877576828003
0.5431645512580872
0.9984115362167358
0.9984115362167358
0.9984115362167358
0.8534355759620667
0.7378287315368652
0.54168301820755
0.999990701675415
0.8637054562568665
0.999518871307373
0.611116349697113
0.7845446467399597
0.6954071521759033
0.6954071521759033
0.981532871723175
0.9863068461418152
0.8403919339179993
0.9863068461418152
0.9863068461418152
0.8403919339179993
0.8403919339179993
0.981532871723175
0.981532871723175
0.9028178453445435
0.9028178453445435
0.9998409748077393
0.6242045164108276
0.999921441078186
0.9977032542228699
0.5092219114303589
0.5295408964157104
0.5295383334159851
0.9987432360649109
0.9987432360649109
0.9383544325828552
0.9351738095283508
0.9999972581863403
0.9999972581863403
0.9274706244468689
0.9998307228088379
0.6192392706871033
0.6192392706871033
0.9998307228088379
0.9939448237419128
0.9980779886245728
0.9980779886245728
0.9939424395561218
0.897763729095459
0.897763729095459
0.9829549193382263
0.7977713346481323
0.9943720102310181
0.9139351844787598
0.9139351844787598
0.6873553991317749
0.6873553991317749
0.999692440032959
0.999692440032959
0.8343210816383362
0.8343210816383362
0.9924595952033997
0.9924595952033997
0.9924595952033997
0.9990891218185425
0.9990891218185425
0.9990891218185425
0.984456479549408
0.984456479549408
0.7164525389671326
0.6586426496505737
0.5833679437637329
0.5833679437637329
0.5833679437637329
0.9942323565483093
0.9941908717155457
0.6271300315856934
0.6270408034324646
0.5283242464065552
0.5283242464065552
0.9763404726982117
0.9761925339698792
0.977738618850708
0.9694563746452332
0.9982759952545166
0.7536154389381409
0.9930967688560486
0.9930965304374695
0.9905595183372498
0.9999984502792358
0.9999984502792358
0.9979238510131836
0.6218096017837524
0.6218096017837524
0.6218096017837524
0.7789995074272156
0.9965135455131531
0.6713855266571045
0.9826709628105164
0.7245944142341614
0.724571943283081
0.9349184632301331
0.9349184632301331
0.623856782913208
0.5260508060455322
0.8678902387619019
0.8678902387619019
0.5265510678291321
0.5265510678291321
0.945236086845398
0.9452224373817444
0.755406379699707
0.7434980869293213
0.9989131689071655
0.9988868832588196
0.7367518544197083
0.66623854637146
0.9998408555984497
0.970992386341095
0.9999803304672241
0.9294305443763733
0.9971194267272949
0.7005980610847473
0.7005980610847473
0.6087399125099182
0.6087399125099182
0.9319586157798767
0.9319586157798767
0.6588737368583679
0.9463174343109131
0.9463174343109131
0.8953573107719421
0.8953573107719421
0.7687962651252747
0.5064469575881958
0.6455575823783875
0.6331114768981934
0.5500919222831726
0.7758792042732239
0.9886572957038879
0.5060455203056335
0.511025071144104
0.9773947596549988
0.9773947596549988
0.9972903728485107
0.9972903728485107
0.7536830902099609
0.9806621074676514
0.9806621074676514
0.9996516704559326
0.5024523735046387
0.6575994491577148
0.6575994491577148
0.5702675580978394
0.9998183846473694
0.9986907839775085
0.8019150495529175
0.8019150495529175
0.5948730707168579
0.5948730707168579
0.9993517994880676
0.9993517994880676
0.9773056507110596
0.9773056507110596
0.9999973773956299
0.9999964237213135
0.9999995231628418
0.9999994039535522
0.7248364090919495
0.9997039437294006
0.9150039553642273
0.9150039553642273
0.9129995703697205
0.6514741778373718
0.9996825456619263
0.9520317912101746
0.9521026611328125
0.9521026611328125
0.507729172706604
0.6670174598693848
0.5362247228622437
0.9709742665290833
0.9540601372718811
0.9707944989204407
0.5225324630737305
0.8851218819618225
0.8851218819618225
0.7053424119949341
0.7053424119949341
0.712384819984436
0.6996066570281982
0.6291695833206177
0.6291695833206177
0.5707451701164246
0.8545965552330017
0.8545965552330017
0.5424273014068604
0.5424273014068604
0.9852920174598694
0.9836530685424805
0.7254351377487183
0.7254351377487183
0.695047914981842
0.695047914981842
0.6578347086906433
0.7838706970214844
0.759304404258728
0.9989128112792969
0.9989128112792969
0.7000948786735535
0.9974294304847717
0.9974294304847717
0.9974294304847717
1.0
0.9969503283500671
0.9998480081558228
0.9896180033683777
0.9984573125839233
0.9984573125839233
0.9968350529670715
0.9968350529670715
0.9998409748077393
0.7715857625007629
0.9810011982917786
0.95371413230896
0.95371413230896
0.5622544288635254
0.557945966720581
0.9035079479217529
0.9035079479217529
0.9852117300033569
0.9830559492111206
0.9999963045120239
0.998788058757782
0.6962133646011353
0.9999921321868896
0.5869863033294678
