0.5172867774963379
0.5150265693664551
0.5150265693664551
0.5220268368721008
0.6122009754180908
0.6122009754180908
0.98686683177948
0.98686683177948
0.98686683177948
0.9939975738525391
0.9939975738525391
0.9939975738525391
0.5926285982131958
0.5029250979423523
0.5029250979423523
0.815498948097229
0.815498948097229
0.9261376261711121
0.9261376261711121
0.9261376261711121
0.5808462500572205
0.5808462500572205
0.7700212597846985
0.7700212597846985
0.7700212597846985
0.8083312511444092
0.8083309531211853
0.502009391784668
0.502009391784668
0.5027109980583191
0.5027109980583191
0.5973386168479919
0.5973386168479919
0.9365384578704834
0.5042880773544312
0.87071692943573
0.87071692943573
0.87071692943573
0.7030332088470459
0.7073376178741455
0.5915799140930176
0.9862942099571228
0.9862942099571228
0.9456327557563782
0.9456327557563782
0.7305985689163208
0.9456327557563782
0.5678612589836121
0.537753164768219
0.8080480098724365
0.8080480098724365
0.8080480098724365
0.5677924752235413
0.8609054088592529
0.9919984936714172
0.9973441958427429
0.9442145824432373
0.9442145824432373
0.5391107201576233
0.6481871604919434
0.688859760761261
0.688859760761261
0.8043059706687927
0.688859760761261
0.9247167706489563
0.9247167706489563
0.9247167706489563
0.7206813097000122
0.6676295399665833
0.6105568408966064
0.6161047220230103
0.5498369932174683
0.5163963437080383
0.63277268409729
0.555568516254425
0.5600613951683044
0.5686880946159363
0.9509488344192505
0.762162983417511
0.762162983417511
0.762162983417511
1.0
1.0
0.979464054107666
1.0
1.0
0.9998370409011841
1.0
1.0
0.9999995231628418
1.0
1.0
1.0
1.0
1.0
0.979464054107666
1.0
1.0
0.9999995231628418
0.9998370409011841
1.0
1.0
1.0
0.9998370409011841
1.0
1.0
0.979464054107666
0.9999995231628418
0.9884616136550903
0.7318558692932129
0.7318558692932129
0.5857300758361816
0.5857300758361816
0.5997807383537292
0.8518024682998657
0.5014326572418213
0.9997010231018066
0.9997010231018066
0.9970122575759888
0.9970123767852783
0.7779072523117065
0.6602434515953064
0.5763301253318787
0.5763305425643921
0.5763301253318787
0.6726639866828918
0.9938881993293762
0.9720221161842346
0.7133543491363525
0.8487069010734558
0.8437787890434265
0.7102516293525696
0.999942421913147
1.0
0.9364100098609924
1.0
1.0
0.9936497807502747
0.9999996423721313
0.9999984502792358
0.9999427795410156
1.0
0.999942421913147
0.9999427795410156
1.0
1.0
0.9364100098609924
1.0
1.0
0.999942421913147
0.9936497807502747
0.9999996423721313
0.9999984502792358
0.9936497807502747
0.9999996423721313
0.9999984502792358
1.0
0.9364100098609924
0.9999427795410156
0.8711103796958923
0.8711103796958923
0.8711103796958923
0.6136112809181213
0.9996538162231445
0.9996538162231445
0.9996538162231445
0.5413186550140381
0.6140586733818054
0.6414368152618408
0.6414368152618408
0.6414368152618408
0.6215635538101196
0.9364979267120361
0.979721188545227
0.9364979267120361
0.9364979267120361
0.979721188545227
0.6704357266426086
0.6704353094100952
0.7281567454338074
0.5109202265739441
0.5109202265739441
0.864639163017273
0.864639163017273
0.6821065545082092
0.9998465776443481
0.9920958876609802
0.951553463935852
0.951553463935852
0.951553463935852
0.5892649292945862
0.5466123819351196
0.9991207718849182
0.5466123819351196
0.8959697484970093
0.9991207718849182
0.5466123819351196
0.9991207718849182
0.8942769765853882
0.9920675754547119
0.8587936758995056
0.8793548345565796
0.8942769765853882
0.8942769765853882
0.9920675754547119
0.8587936758995056
0.8793548345565796
0.8587936758995056
0.9920675754547119
0.8793548345565796
0.7604941725730896
0.9678425788879395
0.9678435921669006
0.9999998807907104
0.7604941725730896
0.9678425788879395
0.9678435921669006
0.7604941725730896
0.9678425788879395
0.9999998807907104
0.9999998807907104
0.9678435921669006
0.9608883261680603
0.9608883261680603
0.9608883261680603
0.7971500158309937
0.7971500158309937
0.7971500158309937
0.7295905351638794
0.7295905351638794
0.7687901854515076
0.7295905351638794
0.6392945647239685
0.5175501704216003
0.8353817462921143
0.519915759563446
0.8343698978424072
0.5514536499977112
0.5773078203201294
0.6118669509887695
0.5443231463432312
0.5443231463432312
0.9996504783630371
0.9996504783630371
0.7373493313789368
0.7373493313789368
0.7373493313789368
0.9968672394752502
0.8871617913246155
0.8871617913246155
0.9968672394752502
0.8871617913246155
0.9968672394752502
0.9578297734260559
0.9578297734260559
0.9578297734260559
0.9578297734260559
0.9578297734260559
0.9578297734260559
0.9999942779541016
1.0
0.9999998807907104
1.0
0.9999998807907104
0.9999998807907104
1.0
0.9986398816108704
0.9504808783531189
0.9986398816108704
0.9504808783531189
0.9504808783531189
0.9986398816108704
0.9991476535797119
0.6827565431594849
0.606135368347168
0.9735192656517029
0.9735192656517029
0.9735192656517029
0.5318277478218079
0.5318277478218079
0.5318277478218079
0.9999970197677612
1.0
1.0
0.9998995065689087
0.9902409315109253
0.9998911619186401
0.8389380574226379
0.9999992847442627
1.0
0.9999970197677612
1.0
1.0
1.0
0.9998995065689087
0.9998995065689087
0.8389380574226379
0.9902409315109253
0.9902409315109253
0.9998911619186401
0.9998911619186401
0.8389380574226379
0.9999992847442627
0.9999970197677612
0.9999992847442627
1.0
1.0
1.0
0.9989864230155945
0.5004904270172119
0.9439674019813538
0.7295529246330261
0.7295529246330261
0.7295529246330261
0.5875803232192993
0.5875803232192993
0.8086165189743042
0.8086165189743042
0.8086165189743042
0.5107369422912598
0.5107369422912598
0.5017802715301514
0.916053831577301
0.916053831577301
0.916053831577301
0.8133723139762878
0.8133723139762878
0.8133723139762878
0.5958887934684753
0.5354248881340027
0.5354248881340027
0.6479672789573669
0.684822142124176
0.9778721928596497
0.943516731262207
0.943516731262207
0.5420128107070923
0.7228169441223145
0.5579854846000671
0.557985246181488
0.557985246181488
0.9868956208229065
0.7794142961502075
0.9657958149909973
0.9400113821029663
0.9939607381820679
0.9939607381820679
0.9672918319702148
0.9939607381820679
0.9400113821029663
0.9400113821029663
0.6555152535438538
0.6555152535438538
0.6555152535438538
0.5852585434913635
0.9972544312477112
0.9972544312477112
0.9972544312477112
0.7625585794448853
0.9898945689201355
0.5318424701690674
0.5457737445831299
0.6112419366836548
0.5495445132255554
0.9778369665145874
0.9955686926841736
0.9955686926841736
0.8940866589546204
0.8940866589546204
0.8330248594284058
0.9422963857650757
0.5864865183830261
0.6510388255119324
0.6510388255119324
0.6510388255119324
1.0
1.0
1.0
1.0
0.9999990463256836
0.7176079154014587
1.0
0.8629180788993835
0.9986600875854492
1.0
1.0
1.0
1.0
1.0
1.0
1.0
0.7176079154014587
0.7176079154014587
1.0
1.0
1.0
0.8629180788993835
1.0
0.9986600875854492
0.9999990463256836
0.9999990463256836
1.0
0.8629180788993835
0.9986600875854492
1.0
1.0
1.0
1.0
0.5318479537963867
0.500293493270874
0.8886028528213501
0.5318479537963867
0.8886028528213501
0.500293493270874
0.5318479537963867
0.500293493270874
0.8886028528213501
0.999990701675415
1.0
1.0
0.999729335308075
0.9793120622634888
0.9997512698173523
0.7753532528877258
0.9999972581863403
0.9999996423721313
0.999990701675415
1.0
1.0
1.0
0.999729335308075
0.999729335308075
0.7753532528877258
0.9793120622634888
0.9793120622634888
0.9997512698173523
0.9996663331985474
0.7753532528877258
0.9999972581863403
0.999990701675415
0.9999972581863403
0.9999996423721313
1.0
0.9999996423721313
0.9989898800849915
0.9999828338623047
0.9999943971633911
0.9883266091346741
0.6583287119865417
0.9643637537956238
0.9994094371795654
0.9988545179367065
0.9989898800849915
0.9999828338623047
0.9999943971633911
0.9999828338623047
0.982917845249176
0.9883266091346741
0.6583287119865417
0.6583287119865417
0.9643637537956238
0.9643637537956238
0.9994094371795654
0.9989898800849915
0.9994094371795654
0.9988545179367065
0.9999943971633911
0.9988545179367065
1.0
1.0
1.0
1.0
0.9999890327453613
0.5188173651695251
1.0
0.6775694489479065
0.9951336979866028
1.0
1.0
1.0
1.0
1.0
0.6775694489479065
1.0
1.0
0.9999890327453613
1.0
0.9951336979866028
1.0
1.0
0.5188173651695251
1.0
1.0
1.0
1.0
0.9951336979866028
0.9999890327453613
1.0
0.6775694489479065
0.5188173651695251
1.0
0.9991045594215393
0.9999861717224121
0.9999953508377075
0.984623908996582
0.6765865087509155
0.9682952165603638
0.9995092153549194
0.9990682005882263
0.9991045594215393
0.9999861717224121
0.9999953508377075
0.9999861717224121
0.984623908996582
0.984623908996582
0.6765865087509155
0.6765865087509155
0.9682952165603638
0.9682952165603638
0.9995092153549194
0.9991045594215393
0.9995092153549194
0.9990682005882263
0.9999953508377075
0.9990682005882263
0.5801934003829956
0.8024629950523376
0.5801934003829956
0.5801934003829956
0.9864283204078674
0.9864283204078674
0.9864283204078674
0.5254244804382324
0.956864595413208
0.7545886039733887
0.8315476775169373
0.9929639101028442
0.8315476775169373
0.8559643626213074
0.9142320156097412
1.0
1.0
0.9999854564666748
1.0
1.0
0.9999854564666748
1.0
0.9999854564666748
0.8666687607765198
0.625123918056488
0.7321834564208984
0.7572951316833496
0.5171984434127808
0.7873074412345886
0.6722535490989685
0.7873074412345886
0.9988446235656738
0.9988446235656738
0.9005890488624573
0.8975219130516052
0.6470105648040771
0.8247727155685425
0.944976806640625
0.944976806640625
0.8259678483009338
0.99748295545578
0.9999926090240479
0.9999926090240479
0.5444870591163635
0.9999732971191406
0.8910004496574402
0.622602105140686
0.5816117525100708
0.6963754892349243
0.513745903968811
0.6101438403129578
0.9928749799728394
0.9386366605758667
0.566100537776947
0.5319846868515015
0.6636747121810913
0.8679838180541992
0.5147433280944824
0.5808928608894348
0.5808931589126587
0.6464913487434387
0.7561823129653931
0.5366591215133667
0.6998394727706909
0.6411749124526978
0.5988041758537292
0.6898992657661438
0.6403284072875977
0.6266859173774719
0.9485254287719727
0.8276457786560059
0.9485254287719727
0.5273500680923462
0.9782548546791077
0.5273502469062805
0.6502721309661865
0.8628263473510742
0.6703290939331055
0.5620945692062378
0.9821616411209106
0.5979233980178833
0.934845507144928
0.5979233980178833
0.9821616411209106
0.5979233980178833
0.5305678844451904
0.7892317771911621
0.6214718222618103
0.9510723948478699
0.8040574193000793
0.806210458278656
0.806210458278656
0.8019232749938965
0.9934493899345398
0.9934493899345398
0.5971115231513977
0.5115083456039429
0.9979155659675598
0.9998488426208496
0.7370888590812683
0.9296164512634277
0.9998488426208496
0.9296164512634277
0.7370888590812683
0.9296164512634277
0.7370888590812683
0.9998488426208496
0.7913070321083069
0.7913070321083069
0.7913070321083069
0.9583794474601746
0.9583794474601746
1.0
0.5365151762962341
0.9912036657333374
1.0
0.9885269403457642
0.9999929666519165
1.0
0.9998155236244202
0.9686200618743896
1.0
1.0
0.9999929666519165
0.5365151762962341
0.9839135408401489
1.0
0.9885269403457642
0.9998155236244202
0.9686200618743896
0.9999929666519165
0.5365151762962341
1.0
1.0
1.0
0.9839135408401489
0.9998155236244202
0.9686200618743896
0.7277243733406067
0.9749922156333923
0.9617056250572205
0.9999411106109619
0.9853209853172302
0.9853209853172302
0.9997757077217102
0.9999411106109619
0.9999411106109619
0.9853209853172302
0.6485943794250488
0.9953731894493103
0.9953731894493103
0.9953731894493103
0.5697824954986572
0.5697824954986572
0.5697824954986572
0.5656726956367493
0.5656726956367493
0.5315724611282349
0.5407896041870117
0.5161855816841125
0.6422166228294373
0.6705480217933655
0.697972297668457
0.5714585781097412
0.7424631118774414
0.7218345403671265
0.999165415763855
0.5697112083435059
0.5635667443275452
0.7853214144706726
0.6389910578727722
0.8420474529266357
0.8420474529266357
0.8420474529266357
0.8538190126419067
0.5955834984779358
0.5955834984779358
0.5955834984779358
0.9734447002410889
0.9964371919631958
0.5344901084899902
0.6153867840766907
0.7640264630317688
0.7762317657470703
0.6274294853210449
0.7395699620246887
0.7395699620246887
0.8095105886459351
0.9554923176765442
0.955493688583374
0.9999998807907104
0.8095105886459351
0.9554923176765442
0.955493688583374
0.8095105886459351
0.9554923176765442
0.9999998807907104
0.9999998807907104
0.955493688583374
0.5928122997283936
0.993934690952301
0.993934690952301
0.993934690952301
0.9068620204925537
0.9068620204925537
0.9068620204925537
0.920386016368866
0.9203883409500122
0.9999992847442627
0.920386016368866
0.9203883409500122
0.920386016368866
0.9999992847442627
0.9999992847442627
0.9203883409500122
0.8220629096031189
0.9148098826408386
1.0
1.0
1.0
0.9712911248207092
0.8897384405136108
0.8897384405136108
0.8897384405136108
0.5312297940254211
0.5312297940254211
0.6894093751907349
0.5312297940254211
0.9976679682731628
0.9976679682731628
0.9982191920280457
0.9976679682731628
0.9966254234313965
0.9966254234313965
0.9966254234313965
0.8154605031013489
0.8154605031013489
0.8154605031013489
0.7297154664993286
0.7297154664993286
0.7297154664993286
0.9991627931594849
0.9991627931594849
0.9991627931594849
0.9127020239830017
0.9127020239830017
0.9127020239830017
0.6938573718070984
0.6938573718070984
0.6938573718070984
0.5054066181182861
1.0
0.693730354309082
0.9999959468841553
0.9934660792350769
0.999988317489624
0.9154499173164368
1.0
0.999988317489624
0.9934660792350769
0.693730354309082
0.9999959468841553
0.8440101146697998
0.9154499173164368
0.9934660792350769
0.999988317489624
0.9999959468841553
1.0
0.693730354309082
0.9154499173164368
0.9802605509757996
0.9379209280014038
0.9802605509757996
0.9802605509757996
0.9379209280014038
0.9379209280014038
0.8679078817367554
0.8679078817367554
0.8729521036148071
0.8729521036148071
0.7142435908317566
0.7142435908317566
0.7142435908317566
0.5085271596908569
0.9936938881874084
0.9858394265174866
0.9999920129776001
0.9936938881874084
0.9936938881874084
0.9858394265174866
0.9999920129776001
0.9858394265174866
0.9999920129776001
0.8406577110290527
0.7900997996330261
0.6500915884971619
0.7512734532356262
0.7512734532356262
0.9026975631713867
0.5795152187347412
0.5534076690673828
0.5534076690673828
0.6076840758323669
0.5534076690673828
0.8228943347930908
0.9143478274345398
0.5854201316833496
0.831127405166626
0.5501750707626343
0.5463533401489258
0.9823768138885498
0.6642668843269348
0.6642668843269348
0.8516204357147217
0.9823768138885498
0.9823768138885498
0.6642668843269348
0.6279765963554382
0.6961308717727661
0.6337910890579224
0.6961308717727661
0.6961308717727661
0.9034573435783386
0.5429335832595825
0.9351348876953125
0.753584623336792
0.9018518328666687
0.9351348876953125
0.5429335832595825
0.753584623336792
0.9351348876953125
0.753584623336792
0.9018518328666687
0.5429335832595825
0.9018518328666687
0.9940022826194763
0.9940022826194763
0.5587441325187683
0.832038402557373
0.832038402557373
0.9984791874885559
0.6301530003547668
0.7843185663223267
0.5084583163261414
0.5269630551338196
0.9937031865119934
0.9937031865119934
0.9937031865119934
0.9994623064994812
0.9994602799415588
0.9994582533836365
0.9998688697814941
0.9998688697814941
0.9817788600921631
0.9817788600921631
0.9817788600921631
0.9993699193000793
0.9348894953727722
0.6842731237411499
0.9348894953727722
0.5343325138092041
0.6842731237411499
0.9348894953727722
0.6842731237411499
0.6647335886955261
1.0
0.999806821346283
0.999806821346283
1.0
1.0
1.0
0.999806821346283
0.9915920495986938
0.7186971306800842
0.7186971306800842
0.7186971306800842
0.7828750610351562
0.7828750610351562
0.6605582237243652
0.7828750610351562
0.9791739583015442
0.6678979992866516
0.6678979992866516
0.8210166692733765
0.9791739583015442
0.9791739583015442
0.6678979992866516
0.6354009509086609
0.8966493010520935
0.8966494202613831
0.5225286483764648
0.6124905347824097
0.5470406413078308
0.8637762665748596
0.6647971272468567
0.750871479511261
0.56205815076828
0.9915260672569275
0.9909878373146057
0.9909878373146057
0.9909878373146057
0.7487798929214478
0.9999420642852783
0.6657019853591919
0.6657019853591919
0.6657019853591919
0.7607226967811584
0.9962410926818848
0.9962410926818848
0.9962410926818848
0.6445699334144592
0.9935285449028015
0.9681679606437683
0.826974630355835
0.9681679606437683
0.826974630355835
0.9940152764320374
0.8499251008033752
0.9940152764320374
0.962794840335846
0.8499251008033752
0.9940152764320374
0.8499251008033752
1.0
0.9999998807907104
0.9999998807907104
1.0
1.0
1.0
0.9999998807907104
0.9964824914932251
0.8542773723602295
0.8542773723602295
0.9964824914932251
0.9964824914932251
0.9739500880241394
0.8542773723602295
0.5531781315803528
0.7481064796447754
0.7481064796447754
0.6663475632667542
0.5651817917823792
0.5651817917823792
0.5651817917823792
0.5204746723175049
0.9764279723167419
0.8979638814926147
0.7384359240531921
0.9995279312133789
0.9999380111694336
0.9994996786117554
0.9937384128570557
0.9995279312133789
0.9999377727508545
0.7429036498069763
0.7429036498069763
0.9999696016311646
0.9999775886535645
0.9969123601913452
0.9999696016311646
0.5040630102157593
0.8188703656196594
